177 616
164 902
146 761
904 469
656 587
225 868
725 611
564 423
525 871
312 96
955 694
226 570
152 649
57 780
208 864
19 743
569 169
949 37
139 959
543 869
783 138
26 615
541 324
764 371
553 270
950 792
204 986
652 582
726 819
106 728
341 287
483 710
952 646
292 373
352 712
992 947
689 719
523 935
47 493
161 890
174 992
767 483
128 712
532 974
700 440
187 343
23 197
232 812
837 130
777 186
340 371
874 153
197 884
89 795
92 78
756 229
297 806
742 400
619 359
582 361
492 316
112 739
522 460
63 940
934 645
733 868
11 222
219 19
627 142
950 571
612 730
807 978
907 280
24 146
150 854
872 438
29 927
124 3
898 876
433 911
360 249
177 997
588 257
544 679
303 562
673 5
575 413
233 542
860 685
203 242
773 34
540 723
632 692
82 802
826 732
645 120
223 12
740 442
133 276
184 276
739 226
26 635
338 873
529 352
357 231
307 78
79 754
923 104
209 848
784 690
621 139
680 867
747 345
118 911
959 719
446 918
892 674
109 584
804 224
258 43
178 338
349 293
716 941
944 741
965 49
987 537
741 538
508 403
490 226
185 624
737 163
538 948
571 951
966 564
770 323
865 207
315 346
85 888
488 878
128 143
628 162
24 464
722 219
271 772
239 112
495 474
263 416
926 96
730 865
930 127
573 961
479 822
209 214
564 488
871 732
826 303
904 493
388 774
890 730
251 940
124 150
161 388
865 936
966 578
973 285
332 107
575 57
891 252
359 898
612 124
536 871
392 684
665 901
373 738
264 106
338 612
912 694
530 381
344 280
752 437
860 800
810 29
494 610
761 585
523 688
806 33
790 698
575 364
905 368
160 297
292 318
420 843
222 59
5 735
779 772
652 526
66 991
982 721
732 764
634 10
766 519
201 973
352 367
117 33
176 573
505 327
218 932
899 413
150 1
5 770
409 137
767 375
230 467
31 774
736 436
274 805
893 338
919 215
377 107
766 368
159 98
408 382
686 145
852 377
323 877
529 938
755 878
920 473
98 899
599 545
11 56
604 409
73 968
976 811
560 223
188 752
745 213
484 271
676 653
664 845
521 708
708 126
767 733
206 839
795 681
216 707
254 627
590 233
539 873
850 682
618 670
160 794
17 903
588 506
831 86
673 92
287 323
530 447
693 17
241 114
908 219
320 591
170 449
906 148
342 835
916 534
829 307
795 847
557 868
565 912
212 299
271 991
499 681
437 451
227 494
92 944
808 353
981 731
278 261
706 320
596 956
585 529
179 192
75 819
499 607
504 839
891 693
395 936
372 530
604 950
369 675
832 5
745 740
482 898
711 567
344 991
787 735
519 960
813 291
102 298
653 186
784 55
213 643
165 608
149 875
49 15
254 64
326 573
718 467
538 125
776 682
559 673
618 175
871 211
476 100
451 284
931 6
346 490
310 65
667 512
449 427
211 764
305 327
346 413
276 64
998 173
836 24
52 614
755 104
820 856
135 268
655 629
488 53
767 753
860 309
826 133
20 60
848 341
849 44
225 778
821 398
489 685
591 564
151 651
190 247
160 806
967 997
471 762
932 888
494 329
840 484
406 831
427 368
48 619
747 939
397 664
651 604
76 89
227 223
471 560
489 856
892 330
235 713
841 976
482 676
549 495
317 35
429 553
212 335
730 268
327 95
570 693
916 921
792 743
316 253
264 35
415 774
875 406
717 659
166 411
829 57
443 738
709 515
880 127
697 927
633 342
884 543
574 503
724 448
469 223
473 680
365 650
905 763
11 644
28 638
603 814
875 69
767 115
214 729
850 381
723 249
154 132
780 80
563 864
335 961
112 518
19 978
81 585
561 327
447 622
878 286
379 812
789 351
685 222
334 52
237 727
879 728
435 947
720 703
993 877
729 859
713 382
678 181
577 799
889 541
655 728
471 459
849 255
850 848
215 966
676 596
846 220
849 8
320 890
786 635
38 980
725 518
133 595
216 554
795 632
523 425
797 10
800 786
692 480
450 919
413 257
536 780
773 33
646 305
960 552
155 374
144 741
551 492
807 838
373 702
838 600
360 551
18 85
333 308
209 710
946 441
486 582
359 716
127 368
992 711
308 516
838 378
711 8
607 75
900 361
120 625
266 58
322 641
108 242
697 955
636 696
909 118
268 66
182 536
637 101
832 77
463 481
443 753
527 680
418 674
151 32
3 260
560 583
409 93
412 848
212 665
897 816
129 430
296 67
809 476
674 876
908 400
103 284
676 948
654 137
775 832
462 69
993 296
714 156
618 328
760 108
334 131
120 267
42 586
370 367
941 378
465 65
121 679
216 889
769 393
77 116
975 559
941 651
876 992
964 348
329 920
739 581
84 116
542 416
691 998
449 279
32 313
129 677
77 807
190 30
963 794
711 424
845 290
543 943
782 237
235 512
414 721
402 137
249 412
74 273
256 846
309 884
759 194
598 196
657 790
105 977
827 674
523 238
293 549
939 592
834 422
88 60
767 324
164 369
700 259
340 496
540 244
796 878
784 814
912 371
571 534
588 712
148 717
4 425
690 184
273 440
148 700
644 729
351 643
945 334
619 115
267 294
785 293
845 749
45 997
9 25
267 439
850 212
922 249
27 535
174 362
419 321
681 630
921 7
741 654
686 257
135 5
284 833
399 432
36 478
833 952
54 653
779 62
603 722
710 522
181 360
807 484
185 877
429 187
941 350
603 323
879 502
972 692
441 68
446 215
487 869
38 909
994 975
665 725
331 490
251 986
859 155
946 701
240 472
942 817
155 641
985 338
825 249
576 689
369 149
756 807
672 132
433 688
30 594
14 119
967 183
290 999
666 942
411 89
568 452
877 198
456 894
860 948
363 209
143 567
2 425
458 39
310 399
408 880
960 429
948 871
507 734
737 701
577 468
260 896
762 88
606 73
496 732
305 954
16 51
624 216
589 938
308 827
610 391
652 224
121 178
286 418
235 342
550 515
996 771
832 804
997 598
50 801
850 184
48 194
374 814
802 951
963 544
345 768
841 907
613 407
85 400
957 997
135 105
983 869
270 752
107 574
471 177
510 393
279 846
121 750
711 927
33 348
94 935
69 604
367 113
498 448
883 207
12 730
16 669
879 10
721 984
225 777
411 584
564 562
698 440
354 626
560 425
582 862
930 279
255 982
403 572
426 22
891 310
692 269
929 981
587 721
825 164
647 551
766 184
804 854
735 382
517 55
299 714
179 400
164 580
2 477
260 183
728 375
840 913
378 48
14 450
65 384
999 923
781 292
144 823
606 267
628 839
221 311
131 51
245 177
49 622
377 105
303 849
416 571
689 267
933 458
130 489
614 641
425 675
317 885
733 999
623 905
19 759
645 599
760 405
121 221
392 464
417 748
399 820
594 996
847 426
104 858
745 592
799 311
241 945
607 554
23 933
561 326
390 360
121 319
440 921
915 362
732 324
101 278
871 246
153 968
949 536
195 8
167 751
542 905
279 765
581 941
492 804
661 5
149 209
777 536
558 375
651 51
963 229
525 598
885 888
158 1
396 910
825 772
533 59
256 442
108 875
717 447
747 241
74 806
254 648
276 810
171 180
427 206
691 909
570 295
33 203
489 537
242 817
717 225
484 809
650 170
561 637
218 360
751 838
274 198
760 719
683 174
441 719
189 313
962 123
35 911
164 745
221 968
791 604
39 731
186 893
830 34
118 368
74 762
991 117
812 872
500 141
728 339
801 409
341 320
182 844
933 140
414 926
80 738
406 260
64 171
725 42
251 447
783 398
553 505
903 693
62 629
504 785
755 340
352 325
371 437
586 450
738 137
704 25
750 671
192 301
732 943
115 983
775 669
580 523
249 797
231 981
177 220
219 949
699 399
866 660
595 78
586 823
369 111
944 453
659 858
767 965
453 397
820 197
281 308
524 336
600 534
340 785
533 238
239 13
314 180
262 60
67 404
823 885
936 647
385 391
462 663
379 375
659 425
590 147
385 560
941 539
747 852
933 667
99 741
480 865
190 140
449 278
103 897
365 90
863 751
55 802
557 604
834 995
341 145
18 148
863 380
574 993
852 515
863 363
462 851
446 372
783 95
994 364
227 103
714 639
770 701
218 622
421 11
973 718
9 649
856 484
982 356
35 649
786 435
970 340
808 391
300 739
691 466
605 616
438 625
279 131
456 688
952 533
438 992
23 158
170 958
931 673
128 690
780 394
158 626
303 623
641 628
501 345
295 490
851 103
926 631
528 450
177 52
675 309
785 437
658 701
6 977
232 516
932 307
510 259
23 578
194 704
525 700
787 249
234 193
876 656
881 826
24 447
647 233
852 948
102 840
778 563
57 313
480 688
355 572
906 948
659 95
660 251
642 922
310 820
246 950
302 900
211 945
929 238
656 610
661 287
341 53
355 794
608 410
683 456
811 31
946 826
214 50
535 844
954 621
317 315
119 115
502 889
319 669
877 931
825 248
200 491
763 68
94 294
866 327
848 838
958 399
557 154
625 52
878 742
865 517
4 217
373 998
408 612
156 780
675 772
270 624
217 266
274 323
807 623
182 679
383 98
433 470
814 296
362 436
378 878
346 199
926 945
230 509
984 753
378 576
292 784
793 781
542 752
12 151
486 218
16 210
606 763
991 807
779 871
263 38
342 326
328 83
736 176
954 279
208 505
64 637
451 257
275 669
702 724
29 662
512 368
15 679
492 848
38 716
241 464
523 80
137 749
375 901
656 575
986 346
215 60
53 866
589 207
822 282
519 164
156 398
734 871
773 633
727 54
152 291
604 931
623 129
552 798
665 545
333 755
372 879
526 994
837 803
622 75
90 472
38 136
39 169
599 65
962 20
569 174
184 140
972 157
900 194
556 604
649 70
562 333
393 384
359 597
109 174
176 548
723 718
763 209
691 364
182 865
436 401
773 894
468 34
137 511
877 314
404 535
199 850
611 146
683 513
653 873
861 966
774 967
886 443
687 62
778 394
455 522
224 356
226 462
689 942
692 535
948 697
788 982
71 570
455 923
871 19
965 90
359 255
981 684
352 119
940 648
957 550
567 171
791 419
997 730
524 222
233 165
894 82
72 229
381 101
78 63
154 983
569 556
412 214
577 650
917 106
584 703
115 54
353 637
228 895
833 478
582 526
149 864
310 845
545 126
206 786
786 742
896 42
272 788
129 957
77 991
206 701
337 818
194 204
530 626
18 286
825 86
630 643
996 41
869 293
318 53
130 791
21 970
632 695
561 717
105 729
913 420
472 244
933 937
590 708
665 863
960 601
632 806
134 746
411 915
543 858
450 695
77 510
911 941
454 855
800 940
503 446
624 805
53 635
700 650
916 959
352 632
494 679
170 697
120 516
965 762
69 437
108 93
326 44
144 346
406 500
709 741
122 449
912 265
302 52
567 255
274 941
169 147
685 397
957 360
745 674
11 674
802 683
304 123
460 406
537 686
184 962
580 628
616 837
579 984
883 477
790 59
136 820
654 730
569 878
628 399
756 196
286 128
906 703
799 72
558 313
641 442
862 1000
77 272
633 480
997 847
285 323
675 199
237 586
437 184
722 214
487 578
402 688
737 499
228 226
319 53
133 945
834 734
707 84
348 294
488 414
409 627
751 903
39 11
367 910
117 807
119 249
502 739
268 879
985 715
803 982
60 649
812 815
317 278
9 93
377 635
624 532
475 598
812 559
725 378
467 614
88 881
394 656
795 170
761 590
868 278
393 472
838 698
87 722
456 836
75 42
296 301
83 551
579 618
771 284
293 192
178 232
259 48
541 442
876 47
460 710
317 843
957 87
583 176
198 86
571 552
135 491
61 326
373 212
853 730
675 726
879 862
539 161
727 794
620 202
272 242
995 803
173 46
684 207
846 303
791 378
685 147
518 793
908 438
954 212
426 621
64 530
963 414
965 308
516 834
276 431
833 958
334 157
690 589
841 719
73 597
517 652
99 981
355 575
75 961
107 882
925 244
206 842
744 301
625 453
546 255
44 656
129 997
892 694
299 437
63 84
428 599
985 694
358 912
342 501
321 427
989 786
4 646
538 634
146 435
990 560
185 303
189 271
445 869
640 309
803 835
151 951
939 56
786 242
381 804
679 381
457 1
687 854
730 311
891 323
117 383
298 443
815 242
619 533
891 872
232 68
549 802
255 449
282 855
231 344
861 993
623 774
41 228
631 795
49 383
47 442
843 299
292 51
990 174
776 480
615 775
525 27
943 892
767 88
532 933
315 227
923 480
672 513
176 683
749 974
715 578
23 899
409 27
614 228
288 936
328 197
940 820
278 823
766 482
880 609
954 232
654 634
940 971
690 670
563 596
382 378
591 354
703 612
277 130
153 312
228 836
390 63
798 328
422 361
160 748
395 343
158 698
754 72
646 780
684 87
67 111
397 802
256 174
901 722
885 867
708 236
985 609
915 71
965 63
200 475
765 685
703 939
411 763
232 76
90 54
4 890
885 901
30 658
363 627
34 689
919 752
373 566
89 159
450 801
312 834
611 294
251 183
677 447
624 994
296 342
354 180
778 562
467 399
527 157
783 263
416 863
291 605
317 754
115 773
520 69
204 982
305 617
602 705
285 691
607 80
94 61
847 737
574 363
978 912
406 489
959 727
143 954
239 849
742 397
153 958
960 58
563 71
502 433
504 268
32 73
607 374
188 128
316 333
151 693
286 525
279 671
895 11
438 856
939 969
541 821
980 267
429 123
286 412
178 317
550 557
477 367
405 498
417 460
608 825
736 238
129 496
847 202
336 540
525 370
927 34
785 525
56 747
21 51
261 612
542 911
390 392
215 312
396 569
842 601
284 957
479 568
297 964
686 430
437 212
129 771
205 24
298 650
101 71
197 692
769 467
733 514
772 918
403 540
959 448
605 501
138 162
262 771
363 718
809 692
769 765
907 66
740 64
833 418
775 451
523 426
1000 429
577 156
911 3
215 662
441 717
333 615
997 448
89 195
308 411
847 822
235 694
734 668
471 878
425 82
616 379
744 688
874 771
710 421
51 40
416 891
992 730
904 896
237 524
430 396
771 432
679 619
214 462
559 177
527 919
731 888
496 663
739 341
353 242
979 290
253 537
766 934
130 122
594 567
222 780
315 186
580 742
693 897
340 351
912 40
269 869
988 323
774 706
900 537
49 507
13 352
714 511
608 854
664 552
663 298
580 388
338 27
376 154
295 459
651 371
710 658
234 235
107 619
698 826
202 909
825 693
368 824
129 254
556 195
581 784
676 740
612 762
404 423
280 237
873 210
342 383
660 80
756 697
281 709
551 222
972 881
664 386
618 600
513 732
632 724
235 517
217 18
308 383
455 504
386 513
223 108
904 94
249 417
577 303
109 885
327 194
331 135
403 530
834 306
395 674
357 527
398 260
944 889
887 315
156 857
801 532
360 135
459 680
425 872
814 274
669 533
317 485
895 237
198 87
424 144
575 991
515 113
823 497
145 746
953 118
572 183
802 716
819 342
767 52
219 610
625 731
827 867
679 962
24 628
300 801
11 862
529 797
968 267
431 324
101 475
249 680
512 584
568 820
951 115
516 700
791 227
154 925
175 769
533 159
862 965
620 794
633 387
120 962
927 139
859 833
401 809
224 728
225 625
390 227
102 729
716 435
492 765
419 53
404 443
428 449
555 119
396 807
719 523
483 339
708 792
11 504
881 399
132 348
133 37
342 101
398 443
920 695
939 245
725 684
377 534
186 627
303 378
394 546
434 503
200 749
166 6
683 232
62 247
393 362
549 719
731 740
807 779
977 612
543 797
752 292
606 387
420 772
529 300
956 805
463 791
853 411
370 957
188 14
939 718
176 590
987 822
612 822
619 713
610 19
316 426
120 795
895 22
329 49
828 461
707 538
690 42
28 645
549 357
823 330
37 593
579 814
741 689
163 7
367 303
870 178
301 237
76 691
403 736
479 694
191 570
232 497
48 828
436 539
571 96
555 551
811 945
884 153
632 114
279 843
708 463
162 55
626 624
254 945
864 837
681 881
938 880
617 115
335 720
522 493
11 262
896 64
378 56
540 610
962 449
393 995
369 507
223 480
316 710
851 671
43 919
815 605
765 750
569 67
753 302
240 455
384 545
428 858
126 983
203 760
359 599
949 981
986 783
770 752
471 837
34 592
956 747
776 65
482 126
768 575
47 138
395 669
930 726
825 500
187 543
558 514
430 369
549 965
507 526
866 75
226 234
541 609
908 932
912 303
876 112
252 826
364 284
795 506
174 997
895 165
222 785
598 338
248 364
736 385
239 566
98 754
67 609
858 924
396 325
864 293
274 873
831 867
176 807
197 895
684 647
150 303
396 141
429 284
942 314
89 677
163 176
699 66
822 209
298 617
188 709
444 703
746 107
765 221
729 863
330 258
617 990
231 630
864 865
441 16
447 46
716 613
965 838
95 632
298 794
47 645
929 148
768 22
199 462
308 225
302 35
488 307
677 751
839 427
361 549
789 753
403 426
901 471
209 399
302 668
289 279
164 645
471 523
809 584
609 878
855 993
270 41
189 167
778 580
229 678
602 384
285 628
89 115
753 52
401 95
759 250
136 412
781 500
583 936
744 704
364 241
130 345
810 471
230 257
389 744
52 566
724 480
404 526
741 803
260 746
463 493
582 29
710 102
359 140
610 330
956 162
206 257
718 538
279 463
470 650
73 460
917 313
447 997
443 206
120 49
90 649
897 933
805 532
883 332
646 536
851 170
688 982
698 827
78 25
521 367
840 8
125 2
343 79
359 685
627 192
284 543
450 307
129 800
901 664
137 299
820 1000
158 243
616 744
441 925
501 530
915 133
205 718
220 975
350 554
820 782
968 537
143 27
971 426
455 213
42 394
392 85
781 677
29 128
433 831
506 351
658 304
548 876
113 23
872 196
288 117
416 954
695 892
535 523
456 915
217 130
57 553
739 5
746 927
647 782
332 268
288 339
606 311
164 494
535 745
425 990
966 175
521 984
532 685
331 484
539 155
546 576
799 581
748 115
401 170
326 153
365 701
408 566
687 657
168 944
714 564
787 710
610 511
852 416
936 155
206 285
340 739
987 632
537 313
996 762
599 591
357 800
310 126
172 106
906 849
656 296
756 73
538 772
318 548
780 969
983 818
57 318
777 597
461 36
271 606
778 73
47 716
656 613
940 293
194 131
964 419
712 348
199 406
751 933
683 461
868 71
636 491
425 382
767 100
401 261
536 840
169 865
460 288
179 440
338 747
908 675
730 309
143 642
50 262
748 177
450 620
571 872
329 325
592 461
596 269
878 518
942 753
411 379
451 822
71 301
738 106
443 842
80 640
724 425
728 44
965 833
452 660
202 447
828 95
810 574
853 764
400 918
405 83
404 966
648 413
154 173
653 181
323 558
69 62
1 310
893 641
324 140
969 241
292 866
499 414
172 456
946 158
637 171
16 868
699 57
88 202
804 286
546 460
728 535
181 295
759 798
372 438
444 779
802 149
129 805
572 527
721 835
81 44
963 154
988 767
185 254
938 452
388 933
831 147
290 301
46 781
664 76
523 194
601 649
630 989
664 507
332 176
261 83
758 188
388 106
482 285
669 999
925 873
198 577
866 503
795 945
725 304
549 738
566 512
386 710
26 609
50 347
566 691
330 955
232 831
762 934
193 274
241 234
838 418
107 180
951 577
408 767
871 302
191 904
508 816
456 715
163 701
149 680
6 739
978 688
282 75
50 159
639 163
605 335
715 659
239 561
633 126
33 816
503 904
258 355
757 421
266 854
874 131
675 462
586 799
30 270
606 730
713 836
956 509
908 376
103 324
237 722
718 163
258 645
333 255
906 873
852 247
51 946
906 312
917 119
495 95
319 141
171 902
340 872
116 910
727 241
954 515
306 923
503 284
873 910
600 971
470 245
912 778
533 281
630 791
603 173
307 920
125 929
165 474
458 596
384 671
928 348
397 695
436 163
935 187
575 400
651 490
355 53
542 363
944 140
843 984
950 988
256 712
639 690
480 486
808 512
791 713
938 911
431 206
71 215
308 699
726 849
360 714
913 84
87 809
100 692
943 208
785 18
883 787
900 741
814 359
999 153
361 541
692 583
631 149
918 385
220 504
150 127
279 345
49 360
968 416
654 447
624 228
328 289
887 917
15 804
16 142
73 499
419 219
274 842
871 129
201 279
239 299
442 11
741 661
816 308
300 93
211 714
728 544
582 335
436 557
267 137
168 759
171 712
723 359
338 722
105 92
802 221
987 219
860 331
627 112
334 190
224 685
285 517
817 440
323 179
986 273
826 326
789 818
521 396
404 272
337 787
176 415
711 984
933 647
733 661
846 940
650 251
66 482
599 204
360 219
17 558
345 169
332 910
440 211
60 644
886 536
464 297
191 302
269 400
311 821
866 460
596 677
89 221
108 271
702 9
151 797
551 284
359 751
335 528
473 856
93 415
844 377
173 615
65 358
283 427
987 959
677 87
625 366
143 591
718 829
168 121
921 605
317 840
959 745
175 350
966 63
970 50
454 483
457 93
75 922
424 146
605 262
438 919
439 458
408 422
278 935
931 626
799 378
495 979
277 140
249 183
154 249
248 20
675 313
289 598
987 635
128 980
646 618
224 13
280 783
546 566
712 818
793 87
576 321
870 103
229 357
811 599
299 38
881 911
589 342
891 448
510 481
827 289
96 277
669 478
802 225
342 302
822 228
626 989
534 680
617 38
449 724
820 973
17 1000
510 707
938 368
149 503
543 731
929 83
824 375
258 440
57 136
20 260
403 116
461 406
523 359
172 591
782 432
56 80
722 765
929 957
899 517
576 694
204 207
578 476
961 460
523 581
283 248
94 298
296 381
26 522
616 294
191 544
570 189
468 923
557 502
921 799
408 966
925 587
868 679
218 753
511 84
807 619
80 754
923 86
482 186
790 442
743 510
736 520
115 629
739 367
978 717
308 116
891 568
70 255
73 169
738 333
666 414
261 986
745 639
410 208
140 969
982 832
93 935
925 8
920 878
478 739
603 998
15 796
719 4
937 615
928 919
875 778
664 913
775 903
466 829
336 976
858 587
175 807
107 565
128 222
970 637
633 413
547 973
489 373
732 471
7 831
615 426
854 614
170 59
971 646
313 48
665 267
687 626
712 234
531 686
90 130
726 287
195 325
108 546
401 454
399 87
646 188
461 442
355 907
839 314
21 803
59 91
406 642
423 544
636 861
503 470
329 407
916 935
623 694
790 471
900 371
369 615
723 560
303 860
966 244
363 65
400 213
810 384
297 339
377 221
253 626
126 480
897 524
457 21
990 137
576 205
888 719
846 308
527 594
839 924
37 482
311 199
866 794
760 265
408 414
46 400
818 153
823 168
326 896
989 64
2 970
22 393
461 679
156 931
598 828
340 548
253 197
680 482
791 606
385 99
666 148
318 899
83 596
139 60
327 851
567 53
763 54
167 746
684 272
54 104
896 256
915 540
366 894
929 664
817 258
266 24
875 532
320 327
238 308
135 366
603 398
17 807
72 342
399 149
756 672
812 402
6 473
209 227
781 989
450 207
878 247
424 974
77 940
3 641
324 455
1000 1
88 635
655 885
911 159
130 864
720 128
499 174
299 271
998 655
274 195
363 254
419 950
612 5
868 239
961 283
209 542
483 75
691 686
838 963
14 129
38 59
791 603
833 193
579 997
468 876
855 592
34 249
532 437
312 720
791 712
353 420
866 429
541 289
635 458
788 466
549 790
403 616
852 825
84 163
293 226
991 278
151 79
135 714
136 764
304 590
397 203
326 179
553 13
516 135
151 444
140 179
754 777
349 99
351 661
5 88
926 909
767 29
650 504
990 500
866 830
335 262
637 609
112 600
774 592
823 701
429 493
408 702
163 193
950 874
154 900
248 445
573 43
380 7
127 609
664 969
538 814
243 290
253 459
971 864
438 359
917 984
775 92
299 175
809 167
945 881
929 340
472 745
324 266
511 505
552 557
220 683
702 556
298 877
941 645
708 144
637 206
471 346
533 459
493 254
594 299
833 609
141 191
643 992
200 534
254 681
424 938
242 145
285 131
181 978
766 585
954 594
445 632
963 768
274 39
829 695
143 315
809 827
869 551
194 353
195 968
847 264
723 650
643 997
354 123
796 70
794 132
451 975
149 730
804 585
610 808
248 601
300 957
14 302
472 353
36 802
202 54
610 155
833 535
251 899
450 343
666 264
39 830
481 70
339 96
408 423
596 56
102 257
145 632
370 713
68 256
750 860
665 242
738 392
477 340
326 366
619 407
68 491
885 504
906 863
13 342
845 328
90 538
953 408
970 582
356 334
333 134
375 527
69 883
347 22
718 11
439 574
338 990
634 794
877 602
388 963
873 179
87 217
162 240
739 534
209 299
561 990
726 496
447 241
507 74
362 126
21 556
761 931
958 199
422 81
596 644
87 319
308 56
327 492
38 865
419 993
868 208
873 638
985 340
630 638
811 304
246 375
84 406
138 554
584 630
751 746
331 215
259 370
756 860
438 156
302 436
910 55
678 51
882 726
888 871
729 121
70 835
279 925
753 835
645 347
335 293
669 581
563 254
434 348
567 670
325 799
142 511
311 476
978 571
409 332
871 260
193 421
309 811
957 315
801 791
895 19
589 932
676 968
116 330
135 816
637 952
413 654
175 595
641 683
895 480
400 807
993 120
455 461
506 17
119 938
90 554
331 974
794 490
265 654
889 808
888 772
690 267
853 845
841 29
456 109
720 714
718 325
115 176
613 401
244 468
542 919
55 268
833 926
300 437
746 133
270 613
572 521
884 267
735 207
480 593
873 30
86 733
967 700
474 115
377 868
194 882
780 717
878 759
108 908
125 810
829 940
167 5
797 398
180 432
143 44
281 819
467 708
985 263
384 548
246 164
9 921
82 364
32 470
415 829
810 77
192 748
319 525
108 336
517 643
522 680
28 177
514 712
308 673
971 35
810 367
279 521
208 533
28 288
973 866
416 561
456 638
532 871
183 757
481 29
784 876
383 402
921 389
316 329
901 76
865 503
876 273
879 914
261 829
758 789
763 641
895 388
552 428
37 626
934 704
334 396
747 149
107 881
367 332
115 799
405 111
279 650
347 955
215 264
328 116
702 874
228 917
104 667
525 767
655 688
968 36
966 595
928 658
836 123
379 496
722 303
18 646
418 204
717 296
534 742
958 978
336 461
689 335
871 547
487 858
683 361
793 473
388 923
263 453
270 355
552 848
661 338
169 524
99 719
635 897
543 658
674 223
20 317
921 466
468 477
579 198
985 355
809 589
113 104
223 231
688 638
816 515
735 857
449 46
749 155
368 442
352 799
960 606
959 896
193 33
691 734
618 770
232 105
640 608
563 280
250 37
363 270
866 251
596 464
501 148
529 489
734 418
458 121
222 214
278 196
544 583
784 825
782 852
197 284
514 462
364 259
184 745
44 388
904 738
210 665
799 499
213 610
415 506
112 379
814 212
301 511
862 288
535 138
546 848
337 427
135 888
928 283
232 671
492 477
253 887
382 69
689 175
62 955
201 277
99 194
867 808
906 696
708 364
926 319
654 846
663 516
81 840
870 456
530 911
548 324
254 893
514 175
775 95
778 193
942 882
931 293
332 814
43 165
225 730
544 910
372 543
963 84
725 676
195 510
289 101
508 111
39 177
356 281
171 121
575 208
315 806
890 738
228 461
47 523
907 538
660 946
648 922
778 261
321 214
178 633
342 204
627 686
298 174
713 953
221 550
718 461
132 41
481 665
230 22
714 633
87 745
204 907
958 356
706 453
763 156
356 734
889 785
420 883
458 10
131 224
23 438
61 127
396 196
252 782
770 985
79 847
524 712
869 873
286 687
178 12
255 14
610 11
118 786
265 836
785 141
413 932
37 296
315 218
723 201
504 17
486 929
322 926
771 223
818 290
512 989
585 185
988 210
681 750
665 241
850 207
318 969
672 999
974 148
297 870
449 799
504 350
694 279
970 583
76 538
955 249
778 13
941 454
711 944
33 329
612 523
820 600
986 320
604 183
384 908
683 288
152 408
393 978
413 15
159 575
586 745
630 802
626 189
347 420
157 159
649 370
51 53
673 84
964 573
535 842
313 357
521 136
795 569
236 15
473 111
271 292
259 740
506 146
798 719
293 397
331 214
223 76
852 924
484 568
806 69
94 187
82 315
341 123
969 553
813 1000
526 6
14 267
39 844
61 244
852 225
818 913
82 276
451 712
236 382
844 637
481 97
357 542
140 116
213 538
792 629
952 678
719 224
810 716
297 535
768 949
201 243
275 852
646 977
370 746
496 945
25 445
813 428
980 355
704 397
659 954
81 113
310 298
451 260
896 439
96 213
974 240
172 90
849 378
333 169
29 656
664 177
148 2
314 374
177 534
569 756
493 308
868 768
959 427
158 206
219 300
976 161
975 925
744 157
872 466
747 786
713 646
111 347
459 202
955 705
117 794
579 237
548 848
511 566
259 691
276 627
997 471
39 300
354 222
136 21
814 145
94 260
922 563
709 325
89 388
313 716
819 214
507 514
773 355
974 615
516 30
916 784
443 762
854 349
815 2
196 978
757 799
481 28
934 606
107 70
921 388
887 541
193 561
590 544
679 817
718 534
710 905
343 720
325 421
897 812
918 218
67 754
604 315
452 56
378 588
628 433
853 864
379 661
405 223
655 691
33 640
395 281
551 578
898 464
256 406
707 832
121 659
267 803
31 282
642 941
20 105
152 417
831 291
402 729
259 864
299 99
319 108
582 802
17 950
345 289
933 736
941 793
994 910
886 640
208 39
514 663
55 983
902 820
80 368
578 403
7 737
47 852
469 34
627 578
31 106
282 583
943 270
550 164
878 305
661 789
386 681
574 46
812 871
338 686
731 593
255 311
114 629
151 216
580 958
800 214
853 210
86 28
297 316
761 263
222 707
174 922
567 705
145 368
303 241
22 222
121 17
853 704
861 853
476 245
887 993
376 449
112 459
735 573
335 163
248 251
486 21
966 259
344 526
898 227
572 910
844 875
991 980
79 174
407 615
984 606
162 294
969 142
608 986
244 414
745 343
267 97
732 113
646 82
814 657
980 633
548 325
770 338
223 753
817 300
211 557
15 741
146 532
357 460
195 226
207 543
275 663
280 353
342 483
15 443
472 7
220 971
117 801
551 577
556 764
674 851
877 952
401 285
203 137
222 375
574 1000
151 937
946 627
484 694
88 887
269 286
949 332
551 392
826 761
85 22
182 944
881 159
592 342
706 450
50 286
89 508
537 848
700 266
524 634
691 475
218 651
206 742
572 646
574 292
353 160
544 247
704 678
389 372
173 262
397 782
411 433
219 712
940 552
667 864
61 433
950 474
512 815
766 750
205 518
903 453
500 45
847 515
969 217
897 788
789 302
499 390
106 108
951 78
761 283
292 985
519 266
866 546
775 924
318 601
215 307
695 69
68 951
643 158
682 695
61 242
833 801
150 565
363 990
321 633
994 852
798 112
360 28
603 456
34 965
100 70
561 988
690 824
86 913
687 201
142 871
35 395
424 904
321 256
34 679
381 732
498 920
523 489
742 767
994 982
276 719
463 591
464 679
503 350
496 8
498 634
27 240
781 423
735 32
4 192
109 294
578 253
66 905
912 425
202 494
339 800
532 845
629 335
169 289
291 786
292 57
165 821
573 152
757 171
353 61
481 96
762 211
525 21
675 760
583 291
438 886
675 329
148 463
727 677
845 538
367 298
719 1
708 278
339 461
654 660
110 520
789 179
348 133
186 88
873 482
871 859
84 639
200 148
861 321
935 766
737 339
443 488
301 906
769 88
759 285
662 397
721 839
509 916
824 568
826 138
890 825
399 695
48 262
379 308
879 131
226 577
668 616
704 849
209 277
356 204
730 977
397 574
164 799
642 667
517 797
194 18
530 408
747 930
436 136
489 950
346 841
679 57
38 131
241 21
556 708
761 814
762 593
946 680
803 869
695 819
367 674
422 111
355 106
528 776
66 203
86 270
535 591
60 429
340 141
892 434
749 471
252 593
695 977
256 782
859 930
578 193
982 679
201 850
69 746
58 813
187 643
192 59
676 453
415 371
715 425
109 602
810 399
636 685
505 405
362 374
267 91
573 188
83 432
672 723
607 397
25 495
486 110
770 366
519 684
784 155
811 754
101 286
361 97
931 45
110 548
213 203
582 807
276 510
44 114
82 445
290 46
733 890
147 395
77 246
704 608
872 404
565 673
756 316
774 183
480 639
124 590
319 30
671 309
54 345
736 845
155 946
263 455
30 470
146 723
990 982
461 458
464 434
449 258
214 2
643 790
366 441
169 899
351 431
435 139
320 529
119 131
191 310
892 129
603 222
507 229
854 77
639 809
35 951
894 834
53 418
495 109
985 3
179 500
911 815
91 640
313 638
903 911
134 892
196 785
503 439
143 710
274 371
833 976
778 931
728 202
127 200
477 905
170 563
635 301
965 884
986 689
383 35
934 945
343 41
166 527
303 738
325 102
61 153
2 139
256 627
837 669
741 814
390 546
429 200
988 345
165 606
684 578
222 897
405 431
135 890
712 651
452 910
89 972
589 763
715 512
256 192
776 668
672 989
547 219
451 334
768 540
418 925
725 167
874 547
500 769
48 130
653 475
819 911
659 866
72 8
863 268
103 681
646 444
233 27
471 113
418 127
536 262
348 508
357 122
414 243
312 341
42 706
129 908
731 210
290 276
458 658
461 285
155 926
993 717
394 470
983 504
587 947
199 425
20 364
977 199
9 245
247 445
968 542
218 165
772 662
220 891
118 394
778 259
1000 399
327 687
857 266
796 419
503 373
730 171
624 666
159 760
938 988
708 797
212 281
69 624
235 648
274 452
576 588
811 839
583 309
501 197
213 177
969 563
622 727
205 916
269 813
95 317
343 855
899 233
222 176
761 290
987 651
663 241
166 555
724 1
895 120
550 653
221 25
408 426
524 808
652 245
727 787
710 71
88 466
442 268
779 762
619 507
486 54
144 307
609 33
976 748
869 457
923 571
367 390
817 109
528 216
234 201
237 662
130 814
993 940
333 131
23 715
832 613
689 427
817 254
983 201
305 418
197 596
128 101
112 948
43 370
190 487
262 16
85 659
157 230
855 499
345 638
312 369
848 355
373 596
848 498
497 228
777 826
371 703
697 419
66 339
708 774
791 924
369 418
207 902
941 904
964 575
569 41
826 440
74 737
707 343
854 26
378 323
394 556
234 943
237 508
520 370
653 522
569 840
583 841
142 49
152 965
905 265
374 46
219 979
877 189
19 407
464 966
730 417
474 317
805 433
596 266
140 272
731 777
984 512
316 49
265 789
766 553
645 84
202 440
974 570
250 428
912 231
179 1000
769 962
760 497
995 586
889 211
645 796
751 417
813 426
836 191
871 116
818 320
589 643
571 152
7 44
728 621
927 55
362 983
166 183
625 987
954 243
37 701
996 618
671 50
193 919
33 762
162 478
202 975
774 313
461 114
997 896
618 439
437 954
820 655
110 363
738 892
246 891
821 355
659 632
904 33
275 387
774 91
354 664
206 681
247 327
48 263
87 254
199 480
756 83
795 761
782 481
717 244
612 414
330 932
778 328
393 174
334 572
986 247
90 416
53 220
165 434
517 173
82 828
502 861
678 119
859 412
850 965
401 228
80 293
679 394
212 738
160 397
235 707
74 719
496 53
703 404
248 694
190 825
853 103
37 16
477 819
518 555
373 962
601 103
22 940
535 300
807 523
631 839
101 968
857 830
767 263
400 201
143 899
476 380
259 158
709 666
452 757
680 912
97 226
230 515
489 813
505 261
951 354
935 857
883 600
357 834
274 760
926 548
763 642
361 326
185 752
511 392
810 817
776 737
651 511
749 828
842 366
79 325
968 472
699 88
647 152
300 5
873 477
727 430
31 375
575 609
702 760
902 494
809 163
125 233
328 853
916 190
665 378
719 683
445 738
546 207
712 187
877 543
402 727
973 12
521 411
519 128
780 748
656 930
234 690
792 226
367 882
963 923
534 950
557 623
523 419
428 677
803 947
477 107
545 216
13 610
964 646
821 827
825 312
847 831
981 69
48 879
566 140
288 222
848 460
490 429
60 434
904 56
530 46
861 512
652 541
753 776
292 412
424 44
672 274
748 5
821 767
787 579
157 955
84 909
620 79
912 79
393 146
853 703
785 311
469 838
257 894
506 749
629 88
866 826
427 554
747 229
161 414
809 458
127 929
180 785
163 197
666 244
997 742
582 320
651 760
953 675
24 428
479 756
614 113
318 562
673 513
600 543
931 345
509 957
175 624
815 991
851 398
659 579
955 444
856 603
910 624
693 352
859 24
244 40
916 449
111 630
175 543
890 894
948 107
509 624
863 577
313 221
885 981
643 885
942 868
173 926
781 735
359 951
751 877
437 757
186 951
151 939
522 781
924 233
753 136
768 389
518 721
958 408
235 651
342 941
787 784
19 378
243 984
100 631
598 210
964 920
142 372
218 742
369 594
282 891
448 111
252 777
822 345
952 943
19 600
79 840
27 933
447 788
709 705
69 290
715 368
787 607
496 682
630 77
604 463
761 3
671 682
174 150
481 667
106 630
182 365
827 888
420 306
292 884
224 2
41 588
172 482
618 190
476 446
874 196
996 609
839 646
241 705
673 700
710 753
343 504
956 759
339 712
223 838
742 38
710 512
586 562
458 981
885 742
299 143
67 123
636 259
194 874
927 918
587 961
604 801
532 70
399 201
519 200
280 383
924 952
727 37
158 352
524 322
308 149
977 782
609 974
441 812
685 625
584 668
569 40
760 124
274 244
177 361
574 827
904 259
310 170
802 269
815 567
854 27
782 292
235 585
513 561
192 644
781 596
553 328
866 348
829 328
761 626
374 47
670 520
998 949
252 591
889 555
695 975
358 741
645 310
957 228
596 420
298 419
526 75
305 581
108 14
936 289
832 370
136 297
982 520
736 670
184 565
849 913
387 504
83 297
127 16
473 601
554 857
562 393
856 150
549 157
952 681
741 869
295 147
266 557
156 688
35 232
572 961
535 207
123 591
989 232
452 401
336 552
923 518
266 783
784 192
489 94
219 422
738 539
777 665
779 455
874 75
267 171
180 632
237 633
861 351
591 390
172 228
270 617
253 399
219 3
129 831
662 387
497 933
389 357
634 826
693 311
967 696
676 571
971 701
932 909
435 389
945 526
272 944
211 805
572 194
975 926
928 455
768 176
399 82
886 554
99 292
712 461
108 686
717 836
596 875
389 825
947 707
489 837
180 480
610 539
757 728
431 67
344 475
735 241
741 102
112 114
100 952
804 574
437 975
114 588
903 826
890 221
433 436
86 494
252 962
808 328
114 991
917 634
620 469
531 444
956 951
26 188
541 747
571 616
53 945
637 999
50 153
676 165
715 649
664 677
496 577
280 686
814 47
192 330
11 782
712 657
784 14
527 718
128 994
491 966
408 274
906 561
874 141
140 889
694 432
219 976
609 104
168 582
866 633
542 612
709 451
391 72
650 973
710 686
399 589
2 745
997 850
45 197
963 350
266 178
732 1
738 280
917 113
793 131
189 794
831 479
801 201
637 412
291 118
513 12
292 753
870 258
128 477
994 794
245 251
233 744
613 781
585 187
771 775
359 829
472 991
234 706
164 829
60 620
664 477
345 36
102 180
285 811
68 589
109 103
27 412
337 612
470 344
643 566
661 673
829 287
868 379
612 46
375 341
830 125
626 309
455 413
478 209
376 184
101 922
876 60
218 690
242 363
583 199
866 404
342 723
353 10
672 794
844 896
314 663
500 254
410 226
749 78
783 807
798 511
686 22
46 433
329 515
885 540
289 588
107 325
658 591
453 337
258 321
729 770
45 7
804 962
395 88
197 860
771 901
595 201
281 145
727 476
339 391
620 524
788 320
607 790
522 404
500 690
484 287
893 933
965 488
876 821
996 434
544 787
581 955
779 156
102 821
533 101
59 738
632 288
389 445
586 753
642 575
772 626
793 441
868 987
595 517
669 278
304 711
85 479
507 421
199 427
712 438
181 989
679 114
494 268
189 482
887 207
946 671
284 474
532 368
865 789
863 358
60 625
795 974
318 169
526 850
711 306
772 438
257 933
939 431
688 749
817 975
882 416
701 361
40 549
153 691
631 1000
8 234
193 178
887 300
17 108
648 474
321 790
127 238
790 400
424 9
5 596
444 212
162 901
304 648
629 592
156 631
343 951
439 448
101 737
139 268
413 677
59 213
792 892
671 351
395 247
144 309
737 106
223 931
349 356
137 908
605 83
383 517
210 189
907 225
853 805
603 702
876 650
538 783
8 782
426 485
634 38
907 126
855 284
876 793
823 802
45 414
162 154
30 411
60 977
256 159
962 501
137 361
630 806
777 824
212 891
391 596
323 290
146 281
972 909
593 902
630 849
58 602
460 121
65 879
873 976
930 19
181 817
46 214
846 573
406 926
59 633
178 537
506 378
267 516
991 145
848 161
454 773
626 490
807 771
294 978
596 566
284 220
787 815
709 898
891 867
310 513
86 451
549 809
326 466
301 417
421 422
887 279
265 906
340 74
274 712
38 785
117 408
597 942
718 658
844 633
741 787
317 983
980 137
430 174
681 300
6 649
619 72
440 37
163 446
206 320
903 298
411 778
343 697
839 724
771 844
441 433
6 939
927 49
875 768
513 261
272 501
111 818
662 166
519 363
166 750
836 253
419 503
858 452
828 424
76 393
189 870
233 866
968 235
822 218
551 952
3 914
968 278
216 683
18 417
410 369
940 256
13 666
964 398
787 399
474 158
347 388
522 992
7 616
748 712
75 318
484 762
86 146
803 870
899 615
619 714
925 263
359 591
108 333
697 344
421 120
812 895
317 55
912 633
566 650
660 571
40 836
241 770
614 850
962 777
579 557
636 970
537 781
57 731
847 744
619 889
835 836
677 105
240 778
829 190
151 406
741 823
465 516
743 361
359 96
922 403
73 79
1 506
58 765
222 936
98 650
286 389
223 824
884 102
546 521
802 639
949 764
107 745
73 425
439 814
542 613
210 242
124 620
567 210
879 748
906 353
633 466
941 505
599 423
34 183
76 606
974 67
228 865
101 253
177 677
492 686
684 44
78 295
63 177
391 766
621 903
823 667
777 999
637 712
469 361
363 808
791 753
225 915
288 363
817 631
587 537
310 532
925 457
48 515
15 65
613 854
281 899
428 822
539 704
610 572
402 153
169 162
577 798
263 900
308 275
535 620
773 823
298 489
429 513
87 689
193 326
981 165
602 682
452 565
624 942
640 899
572 326
635 302
528 676
69 332
307 379
164 208
349 204
690 136
567 293
639 255
328 473
3 227
412 821
783 806
936 167
573 334
900 514
245 301
553 999
785 454
491 933
20 725
809 456
266 187
980 423
287 985
568 714
984 20
408 158
12 288
17 186
405 255
153 334
119 655
157 366
800 341
267 242
931 347
437 142
133 645
9 399
696 591
894 342
626 944
777 946
686 578
210 395
360 36
159 582
567 325
593 202
901 273
638 682
911 328
180 454
973 191
833 532
428 756
730 916
803 960
284 475
95 673
878 503
925 141
701 390
973 481
42 5
977 998
484 690
697 295
386 534
4 89
995 6
227 400
428 937
285 592
969 935
252 549
861 753
743 749
965 563
711 83
969 560
400 373
787 899
482 145
465 633
610 487
359 373
783 503
1 663
473 978
2 328
421 81
867 318
788 830
409 378
836 695
947 567
895 148
896 787
456 266
697 844
148 576
80 954
690 63
316 673
837 188
909 799
144 423
221 135
168 301
742 363
942 153
67 545
311 811
24 748
843 669
484 478
176 999
728 660
110 624
537 434
315 300
870 30
817 98
945 949
619 282
287 834
577 802
889 624
565 629
569 626
384 18
132 656
816 53
944 250
746 314
107 876
778 33
366 171
350 748
721 1000
392 396
66 319
382 710
346 95
937 656
523 271
651 850
47 581
160 791
267 589
882 12
207 899
358 793
593 464
612 116
759 487
265 461
29 380
255 516
669 908
116 2
844 438
576 572
430 939
166 281
473 957
766 476
335 291
77 398
143 936
737 713
610 185
3 29
187 744
779 940
232 943
283 317
822 962
969 270
888 37
740 955
338 295
272 185
693 960
654 638
912 105
382 55
537 364
868 286
225 232
867 649
279 527
597 624
36 256
379 652
659 814
970 533
220 468
581 957
139 102
435 979
664 775
794 662
393 791
33 360
489 382
381 184
638 63
383 798
42 758
719 720
595 990
281 618
324 328
396 877
418 277
719 577
206 684
910 558
603 40
933 759
660 559
33 665
703 989
940 257
890 692
82 537
247 497
817 586
45 284
471 649
260 502
191 286
284 492
213 306
953 472
510 960
464 744
427 508
835 267
599 354
412 72
568 142
825 289
173 885
843 901
147 890
757 599
459 956
133 435
248 697
892 462
209 854
293 61
259 485
593 946
479 326
547 912
246 770
740 633
529 400
514 484
587 230
53 782
562 472
799 517
526 327
654 312
398 936
700 78
468 378
896 731
509 338
510 21
899 448
741 903
619 55
323 754
25 990
280 735
44 328
845 134
62 897
980 396
413 541
55 72
728 113
85 901
693 710
586 918
606 621
319 292
24 374
789 68
930 758
137 677
154 589
817 315
837 712
729 983
219 97
702 590
892 729
923 947
121 775
730 671
17 792
513 916
57 495
242 21
931 473
423 40
861 774
980 951
195 409
68 681
161 25
608 278
759 649
337 696
873 220
240 397
630 670
49 283
712 491
972 37
919 558
406 583
578 492
852 755
9 959
377 725
428 823
838 570
341 114
495 551
189 190
763 25
105 878
636 726
552 856
899 979
536 567
351 579
408 918
845 298
486 627
182 856
130 703
57 645
114 622
903 792
213 778
16 314
581 497
711 585
886 99
559 187
283 372
253 702
87 918
808 181
518 820
45 722
468 303
897 609
787 693
314 661
883 582
45 867
852 405
890 755
116 392
188 813
67 580
712 655
529 815
569 778
291 12
573 446
6 993
244 116
624 506
254 133
847 176
766 32
399 419
236 775
354 906
832 518
10 206
744 15
106 279
15 627
737 415
646 819
926 451
307 400
270 551
912 811
642 906
256 241
305 83
498 60
301 607
663 849
423 204
831 211
66 331
142 652
53 127
716 273
627 406
610 584
32 310
643 886
260 462
616 20
635 784
730 4
971 306
80 714
811 461
178 962
397 292
313 557
351 173
959 930
274 448
204 897
86 189
960 303
342 531
75 180
738 785
230 528
965 707
433 498
1 662
222 180
796 867
874 527
909 60
322 758
567 544
752 111
295 861
248 318
391 462
932 242
165 749
791 169
831 972
652 241
412 794
461 663
228 742
784 72
987 627
914 711
433 746
837 477
460 122
823 30
477 478
760 38
980 555
606 549
371 17
968 98
150 718
944 251
381 260
801 496
95 554
846 246
601 689
239 187
985 530
199 504
171 664
43 20
137 479
659 318
860 581
243 637
650 135
688 478
62 302
375 72
303 415
51 430
323 437
274 243
544 765
997 445
394 552
659 28
846 690
84 413
89 1
944 14
878 259
131 292
403 715
117 723
298 287
283 97
835 588
985 127
70 811
255 357
94 189
631 974
369 627
463 793
945 894
197 333
884 521
117 102
27 898
69 259
896 833
779 364
532 825
830 546
559 480
121 204
952 684
222 946
888 298
887 932
413 172
804 40
275 858
166 821
461 699
157 642
577 509
548 85
861 442
555 883
461 780
489 67
197 786
453 440
185 954
936 926
210 159
907 15
565 551
949 952
770 285
2 691
721 809
685 910
978 152
29 874
603 269
896 171
771 765
132 629
81 27
959 320
542 184
492 731
538 515
693 324
285 34
750 271
864 957
497 132
668 613
483 377
800 661
360 140
678 650
879 255
607 276
460 159
703 45
427 366
191 281
267 761
401 335
742 668
618 902
412 73
288 71
401 216
572 138
479 419
815 721
674 519
17 264
182 962
588 65
387 170
995 65
227 427
299 598
356 525
439 510
787 845
865 573
355 335
286 975
527 791
588 316
400 190
848 572
870 697
909 499
677 23
827 598
221 443
921 541
832 192
837 896
46 190
31 942
748 428
87 124
610 461
349 23
277 490
850 476
867 454
335 36
378 761
499 376
724 180
616 853
620 773
879 520
331 786
997 637
465 292
802 637
608 820
384 270
477 405
708 375
215 257
16 953
737 257
423 372
577 888
63 989
671 18
826 73
19 75
461 18
299 187
767 522
241 488
332 769
793 305
906 112
964 206
914 644
521 415
99 615
309 380
262 879
959 90
512 229
806 507
94 569
440 192
646 144
62 91
924 187
751 853
974 785
556 677
540 802
762 638
32 9
325 668
807 884
243 851
743 890
834 178
963 586
625 31
716 178
24 760
331 148
574 208
688 851
30 806
967 3
1 792
80 547
887 296
467 293
710 291
861 909
164 323
679 540
981 276
784 816
677 11
165 871
973 912
813 699
631 724
101 889
598 519
801 871
736 456
257 961
957 380
795 321
435 590
537 698
645 719
461 754
923 421
342 883
200 62
408 369
908 390
267 22
54 815
975 433
55 431
936 967
991 867
315 258
301 811
968 505
876 673
550 806
880 331
375 547
950 43
953 501
594 1
555 715
745 123
911 436
296 300
43 154
778 91
414 775
257 196
955 545
726 492
85 476
905 960
255 780
200 542
640 512
384 709
494 160
226 514
975 851
63 437
946 779
655 849
882 121
275 701
9 73
392 95
34 524
327 401
497 430
100 797
962 80
912 677
549 720
694 539
742 263
511 837
238 903
596 541
243 815
429 722
322 418
169 45
863 150
352 528
829 2
411 361
77 123
213 813
107 230
895 769
876 178
307 345
182 583
990 190
296 966
938 541
98 366
481 94
172 133
322 870
126 597
787 720
426 940
960 236
732 896
490 23
76 988
331 845
72 843
733 106
974 876
188 929
851 227
447 724
582 273
395 121
513 318
119 764
766 93
380 776
452 141
970 590
239 199
955 254
584 196
15 598
55 337
497 957
594 485
668 892
209 136
198 919
181 235
272 825
863 899
989 580
521 407
884 430
994 247
447 104
787 596
661 290
510 685
194 153
581 539
927 547
507 66
894 594
146 276
924 811
584 640
15 10
454 448
554 312
367 551
119 70
692 430
179 277
713 973
329 640
899 524
57 881
757 704
8 427
207 998
104 436
213 126
991 35
649 166
959 55
193 226
1000 654
678 43
627 945
350 72
867 126
532 30
812 805
316 740
70 955
678 186
437 792
683 528
830 961
815 119
302 158
838 444
161 878
456 586
398 621
934 867
978 563
588 483
231 221
508 806
288 599
83 410
466 494
892 872
309 932
576 105
391 322
139 301
292 460
400 799
26 122
872 895
45 59
134 491
289 351
556 457
918 160
41 684
336 556
44 245
249 593
340 632
90 599
971 962
770 363
560 795
817 140
669 89
641 510
387 854
651 5
80 196
716 997
935 325
148 9
367 135
684 75
58 331
979 513
836 414
365 957
508 549
825 875
646 907
831 133
483 491
618 338
581 622
880 976
919 806
901 343
815 753
449 312
877 856
15 505
950 684
185 486
514 109
82 934
711 465
273 891
114 279
920 670
99 441
854 59
187 773
743 849
725 454
817 955
970 447
807 800
763 236
341 446
325 985
606 362
607 55
682 410
222 83
388 257
642 236
733 329
862 131
40 214
97 795
353 369
196 985
986 679
918 256
574 486
23 100
173 311
925 840
107 63
883 686
529 899
960 165
745 689
931 868
201 7
183 915
793 843
650 964
904 556
918 221
187 69
775 828
443 191
432 428
395 48
456 34
862 622
276 277
114 715
576 275
297 790
591 165
392 665
871 885
432 138
671 595
146 920
897 112
901 536
629 899
996 410
88 77
318 746
787 791
158 115
629 564
760 829
688 42
933 700
998 459
290 266
497 214
211 684
122 717
533 303
256 309
207 980
650 205
30 830
972 976
845 350
132 287
464 327
392 164
213 468
63 49
327 428
420 530
368 291
898 926
792 389
132 174
730 209
744 765
647 910
815 344
8 974
692 21
844 504
960 709
126 728
113 467
545 942
469 970
818 234
207 413
457 268
922 816
705 160
908 835
212 80
622 543
364 379
191 982
813 983
378 683
840 806
201 82
45 621
135 995
482 605
391 373
162 607
14 311
922 69
154 235
391 138
879 559
550 581
170 564
224 123
922 244
430 967
434 570
559 622
943 655
180 909
508 274
163 857
366 944
262 159
335 639
818 90
452 313
317 375
981 577
93 569
435 424
836 71
447 101
162 114
864 792
684 19
423 121
696 705
458 460
755 222
459 429
892 494
519 227
545 300
945 586
74 117
436 107
147 248
90 498
181 985
369 9
425 271
597 481
872 160
926 136
658 295
645 59
959 863
807 221
659 271
237 73
479 506
264 233
7 393
450 748
697 661
496 114
403 542
476 157
782 30
715 9
433 336
990 925
460 612
800 265
585 613
396 252
415 672
566 992
491 70
224 475
11 543
875 220
126 470
198 67
236 274
843 314
457 75
221 482
645 512
945 494
763 611
265 844
303 652
1 438
580 718
780 440
457 165
311 6
173 33
600 307
613 930
76 812
171 512
499 399
893 867
257 127
810 646
120 199
853 801
766 66
225 540
383 291
63 788
989 900
110 88
822 67
883 83
243 176
405 897
335 704
232 191
986 328
626 979
459 504
423 29
579 475
119 434
85 526
530 653
215 927
82 864
645 781
80 151
695 518
664 490
378 474
621 366
935 168
404 878
593 469
521 176
575 77
227 211
66 79
104 294
394 726
125 720
933 899
356 388
322 276
752 449
346 670
57 993
331 206
247 240
959 960
29 411
714 901
507 897
533 358
333 561
791 779
408 976
981 233
703 828
752 175
787 928
865 384
406 478
128 888
640 846
370 945
723 911
615 677
653 968
676 319
163 324
978 707
671 740
126 349
92 341
405 368
235 327
54 665
491 977
440 797
628 310
644 563
24 604
850 280
11 967
270 770
701 289
642 191
367 416
168 554
7 19
102 919
290 5
770 283
385 319
849 370
935 564
632 899
876 889
932 571
371 835
263 331
985 963
401 658
328 654
646 904
522 138
173 739
358 990
147 195
242 127
782 7
760 623
228 397
808 753
91 927
535 870
703 188
652 898
821 801
289 496
93 396
848 129
155 491
854 171
605 879
435 11
198 147
79 632
479 306
753 917
737 520
496 442
95 226
152 854
265 601
786 493
496 265
316 124
779 892
317 789
261 130
456 615
22 202
792 917
888 618
373 238
871 291
724 673
697 792
2 190
596 10
301 402
519 532
991 619
776 536
27 654
640 198
31 206
676 49
254 108
628 441
167 527
617 773
940 781
672 807
102 856
92 206
719 915
298 605
146 588
33 664
755 935
93 724
422 554
738 683
924 518
764 943
462 765
380 928
733 996
590 23
154 763
531 615
453 827
509 757
458 889
938 431
668 724
1000 252
447 163
661 345
898 893
226 636
722 409
688 265
765 277
124 131
90 31
977 877
579 177
526 968
506 335
706 519
364 801
330 657
536 796
739 823
760 893
708 634
929 883
434 435
53 427
89 160
810 22
631 146
407 356
961 933
587 456
326 380
18 69
38 384
593 575
268 701
820 370
752 152
572 467
921 733
813 919
330 307
50 453
452 561
587 54
273 162
183 675
627 793
611 188
369 569
478 357
979 320
445 356
856 53
987 989
515 930
349 200
114 847
614 604
444 188
294 998
417 762
808 71
865 170
940 572
888 757
802 701
951 348
301 7
489 255
709 464
939 183
34 501
438 821
533 142
171 709
673 539
746 179
272 576
148 83
372 497
107 900
642 905
977 30
190 349
599 995
584 392
512 421
16 724
328 710
648 677
976 210
940 309
869 105
985 676
930 255
163 660
661 381
939 119
925 56
69 950
903 271
42 126
597 480
523 453
446 404
765 682
421 371
750 198
754 189
312 920
886 902
889 441
9 37
787 169
130 636
114 687
942 519
51 226
52 841
130 751
810 157
598 212
545 984
770 575
532 706
644 4
155 668
652 575
106 513
767 372
217 424
348 710
495 657
222 187
614 745
26 334
943 249
446 931
269 986
735 189
357 737
66 718
822 917
697 848
813 302
625 726
292 227
610 354
499 481
580 606
909 876
569 811
502 599
733 104
55 28
183 75
689 194
784 218
452 120
290 143
295 482
426 607
957 977
979 777
681 948
563 582
177 263
270 740
253 116
59 807
354 941
408 109
889 628
30 228
564 16
590 988
920 200
205 66
220 411
134 70
917 43
104 671
261 321
546 241
529 354
180 311
220 560
459 328
846 868
828 823
523 259
797 416
122 514
121 941
730 965
358 898
380 206
697 244
77 217
254 755
863 675
95 821
556 841
460 118
498 769
651 679
29 199
877 771
492 295
369 52
618 929
268 912
360 945
969 869
750 226
511 746
995 217
8 965
857 152
51 337
843 925
582 546
369 790
498 737
19 102
192 777
30 895
429 564
673 318
468 942
587 400
809 942
913 120
10 924
83 702
928 484
869 793
136 307
616 606
799 557
946 83
529 57
966 22
666 283
299 240
45 791
677 960
692 514
215 1
2 74
508 13
480 176
923 510
887 929
926 843
456 441
771 802
77 803
352 122
745 501
102 170
390 271
31 11
343 293
182 109
862 515
721 669
297 841
394 85
983 885
250 875
970 608
845 884
920 181
774 304
133 584
426 450
774 99
367 129
8 958
9 459
615 479
357 443
237 917
601 641
963 23
447 142
485 327
436 957
778 480
764 217
821 14
570 782
424 620
261 71
281 825
506 296
621 118
366 276
47 955
378 366
985 446
624 586
949 283
574 936
463 555
429 647
341 459
344 417
967 139
808 84
437 600
614 964
136 493
429 536
394 813
311 532
576 907
50 478
583 72
969 716
400 177
858 529
598 399
321 721
198 121
636 677
819 511
328 638
915 61
558 856
520 156
84 999
73 114
131 878
325 428
112 567
849 546
645 889
405 4
541 952
931 68
477 402
707 557
618 240
785 767
955 203
461 958
742 17
581 925
360 303
475 523
932 713
458 900
295 315
817 319
985 941
267 858
916 69
827 354
686 555
120 478
811 145
983 127
34 914
107 808
3 333
39 135
152 473
9 368
427 161
581 576
413 603
954 722
773 382
460 47
371 636
584 331
488 288
380 246
221 822
863 763
55 814
604 740
544 713
246 440
188 908
826 635
475 603
369 252
298 176
483 116
380 468
311 858
368 436
169 165
192 706
924 51
321 994
179 508
130 520
592 355
792 403
161 970
921 732
387 24
726 51
335 374
984 124
508 906
145 478
827 518
166 436
960 485
84 37
191 835
895 255
40 67
631 721
814 371
743 315
657 468
206 216
235 224
787 697
922 976
481 160
482 603
608 757
37 395
707 747
814 77
358 121
785 441
41 601
885 376
870 228
942 241
430 965
834 144
16 777
92 60
331 896
872 968
524 241
763 901
158 947
529 589
550 805
802 796
992 481
357 17
839 385
340 801
641 36
397 430
989 460
681 811
423 490
262 44
640 252
315 352
806 681
293 970
182 812
977 29
64 850
263 402
410 834
603 487
346 68
536 44
96 611
538 582
209 196
152 249
530 566
656 901
967 527
808 940
492 429
146 203
517 972
564 361
359 863
160 895
324 930
497 975
848 44
26 792
333 684
122 17
964 594
518 313
406 615
759 399
136 71
800 958
507 886
860 818
147 841
422 253
65 80
249 435
857 44
431 1
570 437
136 421
924 390
106 767
274 335
217 358
247 622
197 341
14 309
571 712
670 832
620 27
107 104
779 133
738 202
231 11
956 228
336 805
108 793
598 657
766 279
896 647
71 755
699 330
339 823
529 783
859 512
325 356
76 814
662 45
543 250
983 995
898 335
654 816
474 320
510 386
167 679
103 679
45 263
196 245
586 573
555 582
116 940
523 36
462 336
581 742
659 612
896 114
695 354
347 144
76 498
21 351
370 19
522 148
564 559
161 95
929 254
307 574
218 111
517 927
920 999
470 73
769 646
807 74
762 290
298 86
6 303
815 591
773 304
204 108
557 688
797 193
502 841
998 834
345 2
237 500
674 122
631 164
961 472
688 328
304 965
584 609
948 194
109 186
551 423
441 994
777 510
778 513
265 722
322 389
726 622
344 117
364 8
596 379
523 863
681 235
863 247
960 446
943 47
411 374
600 344
912 305
833 539
257 620
75 805
738 127
350 361
903 749
830 599
505 384
362 283
112 302
131 996
98 369
889 106
391 302
588 620
649 752
257 191
828 434
957 530
357 998
910 362
650 513
417 26
64 734
188 567
471 64
755 551
99 913
135 489
789 567
694 120
385 430
797 353
472 684
34 911
703 145
609 513
594 343
983 459
536 100
494 236
208 53
296 719
742 950
696 874
421 736
920 882
5 48
744 22
838 832
86 37
548 858
643 690
503 132
35 898
161 707
882 783
920 528
482 385
925 257
44 995
999 565
781 450
840 898
71 230
790 624
813 945
170 693
264 13
913 91
677 130
326 48
139 907
574 282
117 469
355 448
122 445
709 11
931 523
805 46
927 68
438 521
644 876
832 196
249 54
175 282
605 465
183 895
793 735
690 113
139 509
449 202
982 777
864 324
771 240
352 424
922 108
151 370
562 55
28 767
804 980
692 662
644 529
738 468
81 959
941 209
385 979
600 493
139 95
612 768
314 79
171 586
965 327
941 98
870 72
391 65
819 954
34 350
422 985
704 458
409 738
128 182
130 942
684 411
105 806
262 65
335 533
393 822
604 102
822 9
579 260
195 15
587 817
396 782
860 491
661 246
774 63
794 905
686 667
726 452
272 915
886 670
354 551
778 389
94 573
169 906
43 993
377 623
325 759
470 480
791 815
65 218
964 654
587 381
187 875
973 584
189 185
264 478
449 212
583 777
549 649
518 636
190 733
946 276
1000 713
415 568
109 787
972 407
847 549
351 874
942 715
644 945
256 914
339 891
534 288
27 977
429 797
66 633
490 285
625 462
238 304
433 450
815 901
254 349
770 234
956 989
365 860
481 167
488 645
988 782
261 263
554 740
3 374
686 25
176 866
16 251
201 177
37 539
955 8
98 539
651 275
282 338
121 490
152 384
824 957
366 964
849 414
225 388
190 344
618 213
140 747
452 149
381 25
698 205
48 10
712 993
642 788
718 59
320 906
733 966
609 728
132 585
445 542
997 81
931 447
327 734
932 972
147 140
25 636
539 926
276 872
115 256
407 772
566 153
376 318
55 924
539 783
533 651
416 234
894 901
220 844
114 459
556 758
423 809
194 83
322 156
707 95
414 692
184 229
256 562
22 709
796 436
834 99
269 276
342 842
949 338
368 465
317 8
174 627
798 617
956 673
723 662
759 172
728 256
801 436
783 332
696 350
201 640
458 49
527 633
152 119
841 496
14 314
550 472
952 951
350 370
210 737
157 998
861 159
14 677
622 574
572 215
843 359
620 287
965 992
714 32
151 325
379 920
996 793
387 563
283 994
784 77
215 487
770 16
46 117
709 13
214 677
644 475
394 576
349 750
116 143
637 379
448 705
864 217
721 704
546 658
116 830
867 990
952 426
45 262
525 572
471 594
968 103
452 280
577 646
185 131
846 72
684 99
484 137
472 721
169 663
665 314
691 608
152 483
996 300
600 993
262 714
632 434
604 936
223 248
635 834
565 51
323 440
397 609
791 602
427 406
751 649
604 712
78 733
192 668
854 130
506 500
235 734
588 90
271 350
631 683
147 868
791 663
758 302
463 966
138 673
359 689
736 840
164 417
492 86
645 928
504 636
174 359
748 167
697 551
5 544
579 711
505 22
306 97
568 308
963 465
406 76
612 232
598 896
857 858
679 689
828 109
776 400
143 879
135 919
882 860
526 284
729 400
378 750
417 726
415 423
936 214
334 269
689 770
301 60
563 793
764 291
35 144
571 290
534 170
862 743
538 217
496 940
818 377
625 833
572 840
495 875
334 47
432 19
257 88
614 170
99 771
372 277
249 935
15 513
861 343
609 294
955 286
888 235
556 132
229 29
984 830
270 625
223 563
232 158
765 44
238 404
186 307
349 773
977 100
871 640
170 755
539 838
351 300
777 861
484 899
985 738
217 776
345 323
994 592
265 386
964 516
954 542
960 991
610 776
541 14
890 400
859 843
944 17
166 93
21 822
649 117
981 936
412 501
714 597
972 285
777 281
835 559
88 936
363 286
697 722
772 4
688 827
340 6
430 399
914 309
365 597
293 136
178 156
904 867
356 872
822 817
605 447
952 623
537 903
865 274
204 676
961 999
157 942
446 559
467 106
642 346
936 35
188 144
524 794
397 771
853 674
732 981
36 76
2 44
205 627
300 841
447 522
692 663
533 917
370 517
996 721
232 574
233 267
591 48
850 138
278 739
348 355
794 325
210 742
63 984
416 494
33 669
414 114
197 898
755 936
629 911
676 752
554 830
674 497
124 440
877 534
324 682
894 722
94 768
534 621
422 267
884 482
522 173
690 871
90 107
74 852
683 498
427 304
268 884
824 316
436 2
82 902
18 570
762 635
890 436
526 894
131 466
773 943
425 49
407 353
728 438
382 731
347 820
117 16
460 493
463 958
477 588
329 446
221 760
874 642
986 532
571 686
74 458
610 136
406 389
692 526
264 446
429 796
257 939
439 327
995 687
338 342
469 732
515 52
697 825
112 375
486 896
478 394
151 288
64 458
637 899
432 366
107 428
89 937
54 725
970 994
419 120
457 141
404 908
395 195
345 940
992 133
901 821
22 422
150 363
577 573
559 645
961 670
528 103
16 779
491 555
800 781
854 878
557 617
71 956
718 137
776 996
135 419
379 571
345 767
772 836
59 653
566 124
15 750
682 617
327 486
6 39
907 296
397 922
803 747
223 408
526 649
854 298
671 416
506 652
696 692
787 351
310 600
140 946
939 104
650 237
548 780
458 634
288 901
631 301
742 718
857 272
234 945
468 730
591 799
226 865
8 436
834 96
88 834
99 483
398 201
624 426
371 879
961 99
798 622
839 390
821 919
57 570
477 705
451 954
269 245
592 464
41 110
957 72
818 782
605 630
166 470
350 371
373 675
357 669
908 867
670 838
106 927
213 921
566 919
697 996
112 260
455 556
993 397
576 147
443 940
227 597
525 230
175 477
935 686
995 600
20 45
504 29
328 331
640 644
973 613
277 158
690 393
230 86
709 202
462 5
332 529
314 4
614 187
262 236
29 751
466 843
763 931
827 462
116 597
987 132
882 466
239 584
371 875
962 602
87 127
659 614
822 246
436 821
57 440
204 313
647 505
264 766
158 222
312 234
994 986
24 222
831 253
816 778
336 363
147 24
76 210
773 180
939 84
43 923
845 452
123 169
12 918
659 181
195 629
921 975
260 63
563 446
48 849
583 835
235 777
397 322
436 280
476 733
757 636
563 173
958 445
299 608
632 168
801 486
271 462
517 482
900 510
648 111
44 904
53 642
614 825
763 293
767 277
108 150
164 128
993 312
80 895
597 950
746 528
486 799
715 279
828 110
244 869
316 442
266 579
1000 847
453 255
936 215
663 412
666 480
499 337
5 850
465 673
603 839
875 986
434 668
1 263
699 360
16 684
278 853
961 725
528 16
44 747
736 211
147 835
426 687
558 396
137 976
300 132
323 829
163 132
386 956
591 204
903 192
120 231
690 655
952 611
515 456
955 273
889 533
266 22
417 69
129 822
355 586
906 70
379 336
968 787
773 502
267 529
839 819
394 404
233 644
307 909
398 500
369 68
756 624
830 475
134 138
262 679
191 263
284 491
358 828
808 757
556 703
834 57
543 963
144 749
352 768
792 477
226 809
423 577
52 925
880 310
757 592
946 385
431 59
877 151
758 442
505 64
195 796
697 578
202 224
882 638
41 166
45 598
687 91
150 10
766 992
813 714
553 3
2 267
313 954
577 389
266 660
508 673
145 273
109 736
835 184
444 267
602 867
382 203
275 783
634 258
177 17
896 577
852 445
680 184
787 417
723 122
230 30
729 653
968 371
144 373
254 144
92 91
292 949
3 570
343 197
82 33
698 823
935 518
969 127
392 670
979 706
484 364
980 617
953 483
534 256
756 400
849 338
706 183
154 596
609 690
684 36
208 245
869 224
564 626
690 917
967 663
181 46
165 423
780 742
472 569
15 427
648 540
920 801
99 762
821 111
750 447
950 653
285 787
658 316
419 932
497 388
636 145
285 979
91 620
646 436
151 782
338 787
264 242
28 123
856 364
145 177
535 612
331 138
338 674
429 633
892 489
985 185
434 145
342 526
883 962
437 810
865 852
246 170
446 568
235 967
644 947
972 480
222 195
938 656
265 970
729 301
948 585
566 904
109 563
718 675
99 12
633 969
192 129
624 132
790 239
59 339
101 756
858 977
748 285
362 224
383 266
79 13
27 622
513 443
573 439
849 432
917 442
614 156
31 460
805 661
384 159
438 454
225 523
353 574
530 896
750 543
346 289
211 569
252 155
470 838
676 533
219 66
42 713
594 394
977 18
924 575
707 185
745 14
341 987
34 949
426 522
898 682
152 312
264 850
871 715
377 30
788 141
336 196
302 857
417 867
694 755
346 869
310 712
167 337
777 229
924 844
912 780
694 610
200 738
385 848
522 819
835 456
394 654
342 840
949 336
532 488
810 246
593 654
706 423
523 679
856 328
431 2
325 905
472 81
350 86
377 468
430 334
730 464
936 335
847 571
784 404
101 933
672 473
948 446
239 811
353 188
961 829
670 839
303 794
878 512
439 426
780 294
691 197
286 555
309 842
92 334
742 253
121 170
68 487
912 5
25 982
918 47
352 82
841 940
634 360
317 684
140 939
777 884
101 67
956 453
543 231
174 382
547 224
987 505
860 105
654 145
955 135
116 137
710 751
659 651
508 307
590 945
484 292
232 277
776 282
197 601
461 160
668 890
405 908
744 496
821 276
919 989
950 440
972 672
441 88
732 256
80 381
884 475
209 293
906 133
600 914
983 401
622 211
218 29
290 702
128 269
76 211
574 854
774 282
742 536
633 852
377 238
109 405
91 950
920 648
838 45
156 202
782 306
485 658
34 554
178 993
184 370
919 476
815 742
428 901
655 454
288 272
775 380
644 85
957 250
703 458
748 161
469 448
348 567
493 570
889 254
203 931
729 244
992 514
961 793
226 512
36 987
553 183
705 467
760 397
667 171
830 549
559 489
510 838
583 279
329 32
883 585
338 174
784 28
782 571
876 434
310 264
850 277
297 659
941 234
376 116
249 746
802 592
949 751
549 485
129 506
650 524
443 262
898 302
438 31
996 541
300 20
299 270
497 467
524 267
263 305
603 258
106 342
589 363
862 801
78 208
445 723
229 108
894 662
510 671
404 360
651 793
877 705
8 455
811 223
82 178
86 969
158 330
844 157
464 792
8 367
7 611
263 757
160 186
177 540
934 362
505 879
459 86
964 702
795 528
584 561
567 857
619 747
56 490
311 882
972 136
207 653
298 363
285 639
805 376
364 984
166 317
377 396
729 167
329 273
130 322
773 764
387 433
918 650
959 705
549 734
31 518
714 132
448 269
519 877
44 659
619 769
670 927
912 175
939 335
969 466
684 963
554 833
978 672
325 601
982 780
141 292
384 487
737 975
95 4
850 358
47 826
104 388
25 100
499 477
340 555
111 744
708 347
149 11
866 527
560 942
443 290
533 885
231 643
767 989
861 264
770 329
422 988
391 979
195 210
661 17
974 72
580 199
391 864
200 267
96 492
8 606
704 747
375 890
964 309
12 746
107 812
497 200
296 206
816 836
752 834
164 976
61 568
744 230
172 631
692 334
584 335
877 822
458 580
169 911
649 437
122 21
985 365
35 978
147 960
259 666
668 358
401 189
865 880
759 84
293 72
23 307
995 98
541 306
815 215
84 323
883 965
535 724
114 614
351 855
852 840
601 72
909 397
517 727
222 192
744 414
762 61
247 567
782 806
287 396
491 225
917 517
334 681
136 634
405 322
317 534
727 771
512 848
755 586
223 529
349 485
477 208
483 911
157 722
589 751
901 819
942 245
249 674
840 347
628 410
17 203
600 635
473 294
76 740
668 992
228 959
844 536
106 287
970 159
551 533
128 149
388 591
531 537
343 207
194 797
512 442
114 228
214 203
298 779
199 413
647 693
440 398
821 66
610 759
989 908
114 454
484 724
88 725
821 243
513 546
916 665
131 419
96 820
852 543
427 248
821 868
74 699
637 825
296 369
248 650
122 358
91 760
565 946
100 634
84 359
52 283
765 888
472 449
809 966
170 648
634 181
783 78
710 262
857 978
53 733
165 947
773 564
46 142
800 382
72 517
561 528
951 665
956 113
743 347
193 603
247 648
162 522
945 369
198 755
841 160
269 695
399 888
664 743
105 577
121 282
438 129
495 848
315 438
661 469
64 758
283 916
776 819
889 910
984 950
452 244
609 807
486 415
551 569
457 747
176 887
958 517
589 215
185 241
777 981
336 387
891 467
320 993
418 377
595 555
816 780
466 653
859 238
273 519
313 262
668 392
116 765
636 500
274 235
203 211
310 725
309 189
226 656
228 358
599 337
605 916
159 976
333 533
991 155
648 819
479 439
619 728
179 395
363 422
326 302
806 228
735 134
916 556
740 360
869 588
691 356
393 489
503 450
770 621
493 680
27 124
277 764
957 106
886 48
889 268
706 682
545 616
268 465
895 802
98 410
248 499
781 13
141 462
914 494
263 14
991 748
336 886
614 537
853 651
272 178
936 217
560 677
740 819
680 222
771 809
535 192
10 477
20 662
334 50
7 504
905 256
104 543
28 949
128 831
899 676
708 426
51 937
323 972
763 942
270 709
310 218
703 406
133 691
831 428
564 745
245 522
676 735
812 15
561 777
154 737
699 903
276 188
449 640
289 864
472 607
309 180
402 886
281 659
618 748
711 569
713 688
592 975
55 961
387 892
705 736
777 211
996 33
7 610
433 997
360 771
949 501
364 827
611 15
455 140
555 98
207 799
703 186
688 577
498 406
655 7
569 194
685 898
347 700
49 806
377 689
928 47
748 992
658 75
531 122
297 16
552 584
575 759
810 350
887 348
691 497
105 274
783 385
71 371
813 574
849 166
505 55
472 296
934 902
88 376
779 592
231 79
857 548
37 402
409 91
176 890
672 607
462 692
36 222
757 853
810 805
171 561
298 874
824 933
932 272
828 705
760 247
959 403
228 565
818 491
177 497
951 133
488 873
785 643
774 273
172 195
420 6
564 717
927 829
699 818
6 62
375 885
447 88
195 499
733 623
919 978
702 454
388 906
871 673
488 406
181 93
552 863
682 914
575 173
833 518
315 811
337 695
587 531
459 228
239 674
668 496
844 576
213 477
584 735
535 896
497 442
902 945
708 608
714 741
363 465
754 226
648 203
703 303
229 724
92 800
643 432
790 673
761 567
616 366
736 883
424 393
979 473
322 632
586 285
372 720
352 763
667 116
762 58
445 382
139 575
502 369
69 306
454 347
615 747
563 948
947 277
823 510
169 947
386 255
461 537
227 907
46 77
214 947
634 338
266 1000
999 110
996 752
603 574
840 348
548 149
283 824
180 916
204 86
514 223
777 734
97 116
566 690
784 402
503 239
972 559
17 311
979 593
968 222
586 661
453 666
935 266
969 5
756 357
265 430
656 619
4 527
647 295
150 773
851 760
712 338
694 838
699 572
47 536
507 47
369 2
389 213
941 808
29 366
469 103
270 104
517 233
658 670
385 854
121 452
877 59
40 1000
956 718
193 30
531 178
306 590
113 359
558 729
509 181
261 767
749 402
329 351
937 24
494 644
351 842
524 616
816 751
921 556
597 927
240 844
840 352
995 716
120 786
301 323
92 328
171 859
596 72
527 666
434 759
239 171
439 74
961 718
267 477
288 912
474 555
397 352
665 194
98 571
676 966
91 302
182 155
449 1000
839 649
214 552
275 660
202 988
24 404
812 149
81 165
867 54
485 75
802 159
281 404
980 786
908 620
519 175
100 485
467 986
121 966
91 234
795 744
234 739
248 747
780 680
308 153
709 930
445 768
172 568
566 488
180 83
570 999
455 171
403 500
556 726
742 745
147 758
344 348
889 518
623 350
682 140
645 24
59 872
84 422
782 163
855 297
481 694
554 752
982 314
105 790
861 555
273 66
240 59
287 717
943 90
867 102
579 570
374 426
888 955
674 730
809 33
147 582
304 695
770 908
348 672
258 216
611 250
631 743
602 539
676 294
311 349
922 994
566 114
178 434
571 457
37 509
3 293
171 839
361 341
838 225
344 549
475 461
897 834
77 482
336 548
400 228
309 767
982 551
944 972
543 106
16 512
394 95
898 479
684 428
560 226
177 694
130 506
327 636
741 19
258 977
777 615
461 246
264 526
724 716
902 719
488 44
343 246
367 252
793 461
994 241
545 380
564 520
950 309
833 569
817 576
631 353
303 442
394 610
82 768
237 66
972 59
919 540
26 861
379 213
852 737
179 377
803 787
895 83
421 156
955 956
351 95
482 410
523 656
339 639
115 572
895 530
243 479
74 752
248 707
212 358
197 385
342 993
221 656
352 609
8 173
597 117
808 308
807 574
848 565
156 748
982 544
187 270
118 826
72 332
912 161
823 405
862 421
476 224
794 141
278 42
149 823
374 571
748 331
253 867
681 646
81 946
387 527
119 926
463 312
232 546
283 942
622 167
179 753
834 792
202 562
480 432
48 148
871 796
186 14
79 505
45 313
85 892
301 847
431 864
698 165
609 326
572 590
923 796
949 788
183 476
438 249
172 851
524 440
104 937
396 779
441 918
166 808
360 66
532 2
91 210
590 312
556 888
522 56
261 20
959 77
997 282
530 607
346 908
627 309
949 302
721 200
740 124
561 615
947 698
506 342
217 921
647 636
590 474
494 495
651 626
433 657
415 769
180 186
492 244
437 533
593 679
540 938
230 768
265 668
948 135
786 38
184 300
99 187
815 209
598 195
154 862
477 536
342 525
183 523
60 310
478 221
654 192
947 118
109 927
919 228
244 954
743 416
320 90
984 497
10 419
841 424
861 821
473 620
735 780
317 931
272 108
201 90
202 485
165 767
224 277
340 634
316 381
967 149
663 699
337 411
694 505
732 804
510 142
42 976
77 426
617 653
728 562
693 544
234 199
362 784
976 540
319 322
671 249
233 5
203 749
721 872
354 883
794 724
521 593
688 206
727 167
747 685
90 216
161 540
544 525
191 122
121 922
711 627
856 958
484 839
450 83
421 450
114 452
994 388
905 61
501 516
172 740
502 871
801 252
234 957
959 839
281 509
217 102
199 82
570 546
692 241
415 906
256 73
902 700
318 657
878 591
701 238
118 64
653 843
122 399
641 771
737 698
346 462
503 655
966 45
144 782
715 367
2 206
550 978
923 378
360 922
509 447
236 665
75 541
277 297
480 171
821 257
712 582
272 231
715 589
185 714
115 905
272 374
543 346
615 125
294 387
966 745
201 289
594 184
280 2
228 974
868 876
215 192
879 297
384 126
113 655
745 205
46 554
621 802
512 378
309 444
661 87
534 719
367 106
194 879
190 401
741 490
172 795
690 856
149 612
473 300
114 6
170 244
116 584
65 970
526 617
46 887
133 949
273 517
54 386
336 163
872 117
221 888
792 342
522 835
123 26
636 716
108 718
687 764
778 696
471 845
807 823
687 877
818 716
36 657
130 714
777 369
9 165
49 538
269 21
416 695
9 552
503 738
605 598
79 819
154 486
984 425
911 140
454 317
528 374
512 875
567 911
878 820
611 987
631 516
876 429
992 210
650 952
558 33
617 555
45 50
763 869
270 937
646 580
774 521
262 317
339 474
641 324
173 229
111 838
816 238
595 9
727 408
886 513
931 143
261 396
375 994
364 440
833 798
704 642
453 849
242 996
935 139
363 824
539 861
696 880
90 3
130 874
702 266
372 837
378 262
216 469
177 881
803 901
274 205
845 258
459 75
356 298
668 285
463 643
467 580
433 883
683 824
498 574
815 335
530 173
182 984
644 165
402 312
222 457
270 94
406 656
869 622
800 107
585 715
251 459
334 470
333 801
943 88
250 129
604 58
472 204
917 893
365 592
494 440
494 780
353 136
151 53
45 594
869 832
378 813
633 817
541 161
853 316
50 59
32 530
128 721
40 509
757 144
556 552
999 247
603 822
468 397
823 261
625 518
862 309
476 144
461 708
799 167
987 516
555 824
49 838
794 428
859 590
749 814
2 843
315 127
743 645
764 705
927 25
175 868
615 208
896 124
845 896
573 625
48 820
452 206
346 604
21 447
668 782
464 244
600 640
598 173
907 259
217 589
761 571
437 80
704 797
743 767
357 297
125 989
623 66
932 805
440 91
259 993
246 627
321 296
566 294
180 101
623 179
913 174
968 608
200 714
851 941
692 111
346 687
166 114
739 140
190 884
696 217
667 296
705 925
695 201
208 330
341 345
476 560
518 513
723 625
631 904
230 611
839 226
662 732
295 989
739 507
961 853
670 706
925 946
965 869
303 770
344 849
312 435
39 772
268 106
642 315
511 380
993 469
978 643
481 185
944 575
881 629
214 945
175 437
32 685
396 390
605 160
92 277
22 456
84 881
253 774
257 249
901 816
374 303
942 248
926 669
675 415
440 588
662 139
385 93
326 764
138 303
594 100
210 349
375 565
251 523
747 398
286 30
822 124
1 293
419 443
83 338
464 208
872 749
335 759
488 214
932 635
636 278
534 659
3 841
891 456
824 511
626 823
453 809
20 140
332 174
194 139
518 139
320 733
599 217
201 200
297 419
784 870
220 842
976 488
886 623
190 54
476 269
956 601
441 764
189 358
852 538
768 403
273 487
784 955
437 616
794 972
925 707
772 74
204 948
353 470
243 934
796 80
829 891
965 551
689 685
602 658
14 316
990 21
630 44
795 25
763 554
69 276
970 33
737 810
41 883
353 33
919 648
576 7
922 63
904 542
176 693
488 424
162 632
777 183
875 787
297 699
600 316
908 461
586 74
197 146
898 215
215 732
925 23
984 522
987 509
861 476
132 870
760 638
983 873
894 412
897 6
42 631
966 904
789 897
635 653
851 440
745 93
216 813
161 365
91 127
642 613
518 208
850 768
246 921
425 365
84 206
15 382
471 264
882 177
756 746
80 123
890 676
601 559
391 587
450 5
143 218
555 234
389 166
985 313
967 889
275 195
959 789
513 400
854 21
213 403
576 665
39 315
908 760
490 923
680 615
75 111
866 366
369 782
649 172
687 876
986 951
806 106
95 241
939 535
924 481
374 424
438 693
95 262
633 683
10 900
562 345
523 933
249 178
658 196
770 906
286 760
13 96
951 766
465 523
46 24
948 206
654 475
966 409
494 623
331 658
885 231
84 826
361 347
16 170
809 483
442 252
627 521
344 431
721 678
842 381
417 335
774 424
956 485
25 61
48 234
74 760
694 337
785 523
920 270
392 743
390 406
586 969
346 370
988 933
590 913
684 430
998 330
357 82
125 214
201 411
560 115
279 967
836 384
177 517
570 52
953 164
203 517
220 637
818 747
741 13
906 210
856 857
546 45
674 86
198 888
381 430
399 51
922 413
371 616
246 532
602 244
751 981
556 805
705 741
544 677
561 633
303 324
454 944
699 727
691 679
433 875
35 907
271 267
700 943
332 299
24 454
668 141
504 704
393 441
454 850
237 354
259 320
118 239
191 625
31 748
383 884
605 663
449 591
44 873
208 519
196 954
37 44
956 982
889 301
304 597
89 693
364 265
131 202
981 502
912 163
326 213
207 383
224 267
900 652
225 38
244 838
554 832
391 267
874 477
818 132
658 605
900 930
850 245
776 656
119 920
923 579
837 9
187 204
461 805
500 829
818 486
309 721
761 295
243 85
940 917
394 96
121 561
533 226
58 194
719 779
104 796
887 140
397 799
345 534
458 799
609 693
77 119
115 444
945 715
358 608
896 49
536 472
276 851
940 330
651 825
284 294
621 523
34 797
902 138
885 962
124 148
294 218
498 833
742 548
711 431
240 264
650 5
457 105
815 509
82 787
212 678
449 60
679 162
368 428
331 48
973 577
498 547
597 309
344 389
108 422
933 211
39 592
818 661
510 774
585 742
318 432
108 53
112 48
882 524
98 127
118 122
304 738
636 995
378 991
827 542
701 57
649 966
355 485
586 363
198 93
553 98
457 85
442 483
922 937
505 321
359 42
219 767
199 573
251 914
886 281
838 170
50 175
474 931
829 540
349 481
371 345
387 732
547 378
107 307
382 123
662 25
849 518
192 467
429 474
965 184
694 366
851 321
129 87
617 796
120 292
121 717
894 496
56 524
116 848
814 529
893 40
731 181
471 502
328 864
185 217
773 440
738 823
526 736
968 848
407 534
661 275
591 598
266 902
523 286
493 124
21 549
356 180
751 781
700 881
89 128
276 708
173 800
425 57
126 768
97 526
683 771
133 366
674 578
435 74
971 12
809 953
339 232
959 281
722 950
62 303
448 463
820 351
804 612
967 472
311 596
350 771
477 844
39 965
463 777
283 447
356 863
563 725
822 832
511 61
495 664
791 991
939 712
743 454
35 415
314 714
282 108
671 522
377 170
179 924
328 482
426 915
278 976
151 322
796 454
905 810
72 999
658 530
733 462
736 350
699 322
611 526
374 952
34 447
567 843
936 799
901 787
724 870
46 334
859 756
162 347
141 653
516 682
332 527
414 61
641 495
509 993
880 763
901 565
949 324
432 844
253 508
419 598
457 751
546 151
272 820
591 389
115 372
480 567
68 838
308 245
733 596
973 197
612 283
866 236
816 768
341 875
254 760
88 898
244 365
481 888
449 474
955 275
846 527
208 879
816 622
670 345
527 496
450 804
839 322
363 525
892 523
960 633
687 766
563 388
895 635
570 708
661 747
188 327
815 282
297 154
857 16
661 860
313 710
740 763
510 488
563 162
532 751
257 715
666 601
926 469
654 190
362 496
875 357
681 217
45 765
686 495
982 906
568 682
270 921
923 971
109 758
93 145
170 906
210 847
278 313
642 480
202 315
495 914
996 853
583 419
509 306
295 603
149 356
45 48
585 565
974 855
336 551
154 856
303 369
139 4
766 21
720 701
257 81
135 80
858 551
270 713
803 222
237 618
861 336
148 173
958 602
885 602
137 692
690 536
816 900
570 66
932 557
312 430
258 940
81 23
155 776
337 941
440 466
955 501
418 409
792 150
761 995
445 944
851 693
485 479
587 619
324 595
437 284
207 874
775 452
857 289
911 4
860 684
786 695
687 557
431 483
804 847
752 392
470 335
346 713
130 906
959 921
576 281
142 29
605 310
648 162
888 807
578 191
763 249
66 418
347 862
900 472
960 355
9 761
193 372
123 759
967 416
611 138
903 696
190 523
32 933
17 183
258 187
829 176
301 375
467 115
486 829
322 818
749 633
130 97
993 463
499 642
870 919
410 145
528 340
802 687
766 708
813 365
419 829
179 581
145 565
755 738
348 84
245 716
943 527
586 776
608 960
199 902
936 983
520 662
577 987
483 884
798 509
432 54
31 470
16 64
253 66
271 615
1 7
849 315
119 697
582 750
509 937
239 388
941 380
223 960
239 113
561 809
154 705
893 244
566 26
197 685
354 588
66 376
814 118
897 408
750 53
721 188
261 17
449 273
360 212
986 40
613 824
846 980
151 550
118 447
299 371
265 423
61 789
388 59
393 331
583 880
195 563
523 509
142 78
200 859
535 525
94 327
702 6
445 39
563 508
191 519
730 343
787 772
91 659
169 61
443 586
351 205
541 269
669 760
288 349
348 581
120 540
959 659
489 143
486 767
268 262
148 860
300 631
853 837
153 883
210 644
687 234
247 675
250 389
59 361
560 658
5 771
10 703
180 416
780 399
528 432
140 46
306 258
608 654
989 31
724 220
600 290
267 437
909 894
374 200
422 787
956 319
173 67
528 94
641 273
187 235
875 719
245 593
46 674
287 860
772 528
71 949
902 299
443 434
228 932
390 95
746 185
141 775
237 562
292 693
613 343
560 173
944 204
945 989
640 245
15 759
396 859
312 358
872 382
267 974
882 139
461 268
100 92
907 702
967 518
146 292
203 861
739 639
190 165
156 333
412 231
161 417
398 438
539 692
720 582
892 182
251 38
181 863
494 398
692 77
270 31
994 667
146 89
847 995
60 503
740 369
924 104
502 4
910 47
815 747
921 790
792 650
136 430
526 50
564 213
431 249
226 34
811 172
293 248
403 920
631 878
390 834
887 256
728 183
936 717
162 805
369 723
433 382
914 391
239 678
300 698
507 349
672 701
415 459
700 11
996 946
995 577
396 420
235 340
309 965
680 231
348 109
644 578
712 148
137 812
245 275
382 404
218 443
148 436
999 287
388 978
324 21
254 210
510 312
107 826
634 22
686 287
500 886
998 221
157 467
709 134
237 645
556 255
599 994
408 119
638 903
388 959
270 669
664 168
607 904
447 15
51 878
893 203
950 434
276 165
522 157
480 968
928 604
